88883080
356790895
603208419
646579224
789763948
113735576
879337158
830134430
15594098
682957308
956360919
790351485
44030278
720981287
429754235
684901362
417821792
852311032
75589334
60079739
28816439
572543207
6941489
139962194
850001093
907150207
487118996
594281986
943875083
246819592
505960387
433960767
724145757
927910350
363007936
73339225
104224844
946254312
579815749
475481935
638231058
68575041
489479295
461637986
38697738
291294681
319966985
386064807
43113662
702306773
892788477
420669928
476292550
22830412
458645318
926029121
750425416
21486459
138642295
934273648
84258719
383040369
750991724
949490427
927604310
661844597
449828897
131834439
331271147
396554605
44468172
638214804
588372641
764266499
720334564
90677587
890772495
104820228
569960034
186720749
742020176
695559903
521799100
347237930
314820611
583281447
95914821
866134806
483525076
320810662
326337195
76001927
759100771
799289948
155944051
814594395
472725718
204627104
46418081
405102084
820543376
525517976
927866168
413419640
234291435
44118025
609787960
914280236
62432167
118389611
642808464
839110038
190277395
182005960
750434970
182060537
520226962
48623397
962626097
507994359
613694888
799004653
655958280
657251909
569932973
86411591
413643143
488717640
545404283
149578985
63628836
110474093
750683552
272032339
54837110
376823207
338365046
364630866
580119971
293573795
117813984
705663710
330770167
566518333
324110511
306829585
569577226
195317634
348462022
206276963
651289461
290800846
610016728
464216718
282289875
654552902
659383980
43911918
879188414
832182738
727263233
783721954
143168758
55631066
628918395
109932809
597763021
467571859
630548418
588441959
781810478
583751400
49975235
267668668
876546258
168118364
269842874
911204501
701140128
612338785
629301649
108831846
273747056
956798318
551781890
963837484
747444267
663944166
377546728
406659189
428024769
535053711
133690788
466157732
485636046
292661453
23488941
434618917
48254572
58751616
743416139
328168505
583036617
921519236
321737288
74776270
486836395
346595695
258195201
215271198
700563238
506483143
984491340
777429823
972526813
760108774
915432262
890158904
175109457
12047409
410318823
451446222
189906881
397228103
479047176
429694429
34246989
649483883
9222458
176007600
867729859
167272014
77623953
896182920
489014960
454515651
445213978
878302098
968255255
627972397
597435021
249843153
783342586
564086792
259390217
179573709
880803128
53393525
529788807
693278787
837788134
447873337
476992224
251854517
228598982
214845991
996560130
961141957
540878565
247764204
202185095
805762111
411921595
826452884
62371170
93213032
908828739
426413840
584478841
745679309
65066118
83026059
140560219
956567611
969256635
632801950
956332284
102061618
96136929
658641737
306452052
873852458
197599773
49666549
167528938
307799749
49759467
374696695
105299861
41217277
42018783
273523174
134475769
981452939
457653166
637821055
413084139
37977069
63912680
24546416
820710644
189307605
62614606
682653168
139647233
998902507
320261481
40691785
800009327
154623600
96610908
34872202
627041961
991982698
337653625
85658579
288167272
651716519
232935133
871070428
684661797
893441553
866521447
539349422
110240145
320708232
106784901
23459371
85119574
966528472
670701574
132669693
484483243
244854255
686796133
258004706
515610449
768300698
10661875
952990424
977016842
62098532
805953460
480440591
19478795
755571799
617399660
788081894
760741409
456205403
927588431
394966244
118688609
580121978
534326866
802508755
212837056
592127937
247995539
588243724
745042127
738861410
293270916
322293925
633218319
364311479
507149956
306715549
7479243
942564153
481834130
25390073
529194805
92800339
622169851
710808514
107166537
556691173
515273210
542775766
714745284
847950517
595836305
297510752
714257226
880589230
753377133
238870197
837443314
94934538
777409023
622941213
790187766
646910114
56064884
123141511
258118247
276410389
622279462
405556944
82462230
815747295
729184617
864168137
434952476
4908322
682767846
67040379
904692334
979836778
212122650
115503108
728497846
59026175
708456889
385594455
373337117
877192532
292627247
241567277
70110287
961028562
782532447
832982501
490999514
596660024
109370456
90735807
869276035
384048282
156611270
498147315
116162130
274283787
387701647
429174709
534742468
197596981
2741405
770615826
59291103
866134491
478230871
387936754
292672186
203878472
142040517
859110911
544522396
5584636
519180431
432424634
469140768
81914570
201160263
761279863
123088615
723600244
349407947
279074331
90974647
795514043
118818126
402409128
657188471
651214154
25116097
219447467
817134548
215404249
434762679
316978859
349733584
309604449
169097662
903540253
944164234
811613155
113653988
508087642
34018622
313308430
937859144
68664228
840961557
451007592
260303412
495256545
130136043
58122055
545297578
503671697
622653583
250957650
187340842
426504992
116470505
600648627
928333089
818509946
709398318
28322482
422068987
367957046
294147340
226987986
56123630
317506955
635508468
554645145
487418966
547931904
474610770
821925010
124320497
100488195
421420332
410452118
751273062
589992321
861919426
148088698
140684060
683458229
785405578
877054984
128341658
757642996
68269287
84112620
636564614
125421791
721057139
557115152
405658744
793414830
990062165
64488777
969590460
800947784
101906292
987561563
839060256
708096390
414633634
163052123
227897689
313116422
5747982
555526515
268219027
389011736
180025484
676829543
253251042
77674540
953420051
400801821
767488555
38854934
199847050
164945442
984139064
299178032
818944775
575118380
983696091
651086831
32682083
679438996
953633251
836570574
459178887
156305069
646794402
111293300
48236563
110579422
727969477
561641558
112015319
884265170
257874950
275263582
468225614
880790468
633595483
260855886
190752475
576740932
691145213
131526846
604006537
175646568
94832329
414087429
720402923
92103653
443365062
15825591
278692865
122126526
379134528
530031447
476361973
396644195
609745077
193545655
631582027
780439246
12291646
427264210
991745549
292352607
127681513
607025638
732574616
650801439
678549680
39284768
420089656
668100703
369503736
874067475
309401776
57739845
563945049
379104332
815505853
966236217
260760505
735167655
134851325
850971690
40104810
879160159
2795884
893265801
853119808
783785684
214278868
847837035
43049400
622255339
121683
45126181
959953832
692393091
984280991
537061474
311403755
138241124
634243592
770710683
506069055
467365265
305806707
764957278
799860404
799158386
92265164
10396792
585686315
357836935
211154945
31154349
211090931
955271051
652809185
270019772
589361893
210755687
763276084
106815188
94019471
223242061
168366496
145230104
340934936
400077734
128155159
770637950
638150593
863683433
85488358
929251641
431249303
42705474
284341998
577824389
366432767
445393951
755624662
358384454
823372190
824754640
791776742
228520913
50223955
945916992
205445803
921390292
95037705
363853145
393865006
937534366
845549901
50872486
901337852
228611204
213239723
562796196
397684784
712033802
18724061
162680765
221913302
310750453
102634067
541395528
346426757
566337882
793259270
730070314
717692087
628239588
793146864
781324897
658021052
966522561
571355397
16266573
661869242
71058834
284915306
830498779
342251731
263636251
468685374
18042200
233039751
481901507
157795312
716483317
994300090
631355323
265192412
853279537
966362271
231866436
443854194
292227458
171785917
987885451
194700000
350800550
62232835
915700334
307699136
151735354
945984267
129115306
520937981
113817848
676125506
98381643
523822867
951547
960264900
832567095
99205460
337329657
142717119
54868981
350952613
470472029
981581727
474709435
539725440
194545152
250258930
121834262
554999352
352630143
392926259
399420488
26261294
139420623
130730462
104082531
56388437
118645841
215825271
68428492
966892477
346082668
18663578
732100140
118734248
554198073
770435872
536792941
93136918
629580741
711585218
276328783
398211067
967337595
237246306
669016110
722363656
40909901
170917645
72718407
260071306
889218297
753218206
69772824
731738862
489185843
179062585
673255226
102225917
917047997
335551060
314608398
518606272
726973978
10159041
530267483
148451731
799728750
733933255
70148417
15922316
318392784
491250942
527443126
717102444
662549344
764114913
527133731
166573042
67419784
400427719
567902113
313485923
773500348
147328476
101051141
854445657
237988288
47584280
323550785
489449291
311865827
314350640
481434860
904793771
330183368
87100706
110697066
764749960
462950425
474539894
985217147
91166190
74315019
117504004
790797144
151307925
411657427
681548602
902559294
637055497
431252715
307072380
562286919
428200833
346677712
282149851
241631759
6375614
573740726
658806852
141077632
269814736
438289135
249561313
134403578
561117380
99111683
115724687
512113874
776401720
873068868
60188172
703766223
651960863
44657447
878897504
30804240
769259909
892714201
172313196
259929016
438212492
108906059
166539878
864537505
407490933
374760648
32674285
548378010
382379724
384949444
270055475
189422214
841364422
425003637
505517137
781214027
149134031
382242968
233974999
168229114
131218124
503261755
175209330
543129273
568191561
528766096
684444186
531020770
717023036
475422735
436235236
296440594
115002318
108676326
161911132
171593353
691924528
551593591
94063485
962985359
103659852
601894847
398716159
866484251
707174828
105810276
822806172
49108349
168774704
918036088
555505899
276230984
547481852
707542816
848133651
378802149
386188535
768105089
811007284
313693257
963195592
696583658
548180209
352905611
727749641
368846622
212865643
72589646
829425982
639105375
523813909
204899510
122757007
31189038
1130376
463855187
648489299
680139768
53627795
526702472
153832548
686301826
540121545
409430946
768304434
73452827
866050011
851354089
24633862
704458410
548129537
501261307
120439568
298223902
815267394
253423098
614914663
972410255
741580693
544598641
494055773
423597509
288022536
159600792
996414619
663022227
121924906
492495904
976682990
893498909
475998670
733061615
452880466
879947094
698415616
918622188
23175433
607940902
728526066
533319715
700686005
776849534
602522756
214564487
353268274
380575741
130178221
412502632
854523508
753451467
340718088
257502114
451459871
419305624
21271692
31042042
678052251
475951575
734514528
249669140
799168320
259225902
358393729
979257115
852639775
158321994
185514525
943849878
616177735
933046311
783758583
113297430
957868277
354713627
50303495
135262125
312836349
593528365
162668818
21120073
423243734
784577052
629898962
410453202
769491850
703000716
25491665
527641411
109216214
291369091
777597277
639442544
895645998
54901494
458925095
185790219
134987995
500733
618863521
975895026
535089843
386456243
179527573
898373954
13522821
792269612
69736062
113879928
364998997
117825325
896271897
984451399
106141436
507687842
550009541
33717477
339910287
358671167
992685218
260005383
928734083
115565163
416951162
459039573
316843387
220339327
981261461
534449714
365226375
851421499
157593732
623495551
162506875
801332788
923196157
381439702
411363797
834455064
263540669
216743769
473238849
238885233
297174788
362677572
963362418
352944593
382920115
522861324
227188944
138657442
395870699
494499687
294525519
140591498
689295186
457399184
309607806
225518761
132662819
14446856
142656681
39087515
606847201
881067604
203474363
792631495
709452702
735332948
765447129
442851573
621045487
140975589
495240260
649412626
166111128
893965774
87169206
261976566
491646990
386865852
621375095
31224882
603560484
121284738
470610563
369460440
146391603
180390737
727690842
173590407
44156401
693246901
301880132
135982888
127755364
286712904
623452238
789050353
857762646
359069011
443819807
68790218
603970418
568594535
66120595
39794666
754515823
49480204
330595817
576680108
461854823
33604834
8245877
149501331
905981705
175458705
232386182
234785559
113430574
255157260
50709408
307969553
401666579
62069310
107797884
75816898
796802015
143443413
376790357
579233674
636987067
635654774
866126440
135896292
672336392
46273477
915204881
216050084
906398358
381189666
710997461
135315119
849001438
285817798
611791225
223416739
163717417
465054290
119955528
752898210
779545924
823592899
593748578
568821415
731809108
669810365
186505559
65784071
826286739
417455802
350589465
809494534
658707771
416285490
801487082
575953190
129445879
781911098
920366671
70908734
702646831
372713764
137916896
272889468
575702331
60742313
841322266
70992814
115779391
869997511
624993532
923774847
724569366
250550803
939397901
953727941
487563179
824236148
312911217
58856263
793208130
18043981
55951596
366593742
3417129
242607212
575450078
116093436
267227376
695181133
243757582
582365845
385272467
611157164
304171747
203471969
752395537
921055401
908975609
747374283
487723078
216691347
946687364
61164703
143474986
907437768
670684360
50375417
551076601
994947143
414451790
401767309
607554773
681306904
342329724
426980955
526046058
858900685
158737661
729178853
767292589
40221666
341170235
266802155
197964149
731283040
625141499
263172569
118032941
652233206
119937532
888912947
63651697
933172429
548918740
880494246
156981045
270504799
944254672
184120974
144758338
440371871
894366913
32156369
433698386
402254162
200158556
898438068
884065397
840752364
82584488
723053854
903649452
424966758
678670362
127124917
635229832
166577187
137084799
881747209
533672294
538535386
313638975
405383087
100909856
627352309
558529171
548755960
646639502
448351225
66404899
961598209
766654988
61479894
145922829
891640707
664473783
895906481
492377050
919566037
499554978
506939123
851191190
227252594
208422992
212376865
93127319
468250348
503516228
157169747
147052019
897089283
689872372
420746051
962713233
972489111
919429838
712447101
522589413
99631708
58828852
687016522
460093913
857266591
404785792
799591026
921194703
102740676
771646500
201959845
107931233
962508472
33059700
22070483
216915428
417849437
316940547
853307447
435445641
703597889
324760041
131556991
317674974
311920154
227424529
596145821
411600292
514259235
326262048
960489945
319931116
930698171
766253827
116122977
202196472
789953928
804740720
218250812
32306786
459768189
677790617
373636231
254929167
157612582
940307501
208989612
145624617
967537495
656503381
81346181
385664575
551843957
652492484
389677006
269295070
294197261
858988811
285366274
819983367
57886370
879107077
465151779
965474573
344711679
805792994
723950754
590957154
105019903
985435534
614112852
381274660
784986550
276902329
93359032
67683445
536810852
394167095
572293248
100847870
24027116
96812976
490566853
560356116
982428095
460209460
651781373
968431242
645323681
162689217
363966066
937223184
910481321
638577172
236240676
947261876
127053299
224524684
457596209
680544756
417810170
11485147
343294555
256004974
265853077
72174310
852851262
210795287
635854706
724394848
612394071
411009804
534367076
123813156
809037527
774747132
774674341
551276004
51346070
477950974
333180238
63370915
509036649
597088673
78244680
798344796
303159916
377497528
727238436
12453706
3522983
21695390
148156896
932382777
162139458
714101141
759257351
283446361
557238859
130297224
265102406
695053764
250550446
933397802
41795457
22071808
239184703
35399784
697156625
233596921
256323109
963275659
42269727
196171688
463140649
169645946
528614853
82965310
474056845
102042123
122989533
644286226
906052208
212918979
821524151
184039294
564941156
733784083
503476838
849647086
399805499
847668808
363141858
176682632
682595870
324123394
168849097
20875592
609218861
732346509
318995806
36307108
914165564
75602088
919931148
548029683
970498776
34629267
839000710
707306768
382863631
721018383
698721638
973988070
697135056
871086738
958783967
712329928
700746449
645248195
41479662
802451115
598586645
632339967
634234944
625363747
496505989
447683459
580679972
115576014
599323919
138802203
474363757
965344813
104297584
375816914
398446349
626754875
254874168
233244389
980790148
55543064
504373850
686320819
652315474
355132161
642153492
213908800
277576522
894123970
598485731
729256947
932334800
710295088
860928921
35045408
36126487
587478555
415243557
824093396
61162000
452550734
426087242
537797196
791781527
663447477
619629293
754301726
746119219
661677478
936027158
136225162
318730032
71432206
910706147
122260460
482679619
350621814
998679108
67583204
999544012
364617781
360200376
924297117
912426668
767264427
921408001
392672868
228623823
425327256
295109307
362381826
80705268
144236597
261405472
483204720
586059733
191422320
304429034
232727284
672719579
689541376
300147220
928218315
244008397
148341187
89299389
349718826
854545321
120062558
842741282
298074609
453583590
959933927
357849756
426637492
841409289
386104728
714065909
960091705
862140955
930864376
619199037
172461497
604940276
836612412
14866506
753263290
680015965
120354421
14641920
712087191
123054406
148649581
830026406
200034730
171799555
10077895
313930308
652344455
49237250
542235233
219941741
741484500
282387959
155567043
127693302
598141939
393595744
707015226
570863109
332316745
790051015
288998282
379094638
7083864
385375172
189836452
568032969
10793999
26114845
618514505
197928986
140298499
59828287
511672813
160445503
161086867
557578449
395335413
87882473
719458222
246899475
701070321
793597605
766994296
676283578
460130453
323910724
96493123
409764776
84017950
631403080
274865733
224028412
499665871
16212705
342466922
378362672
235328115
287729609
885849066
754106189
961717576
270867441
951232894
148476121
62167833
177716789
529298324
39665594
732686366
381500042
278014530
813273485
747027818
107136764
849274940
233093549
593105915
859507678
416029355
146098500
342154488
776756797
191375644
312924080
127561057
730005293
624884140
232707150
334327441
17058913
532299249
84088188
811893146
169990362
667742202
786628370
953683658
890782445
65028456
450040825
191719619
799144611
653727317
461657345
9559382
396238327
230772542
238646912
586681035
43710446
788015804
442945357
49789528
441458413
828525484
743842440
257579893
611207877
156505138
507365369
779678193
899154335
244484406
913194931
1580208
788752092
139857313
234749773
304953850
108870139
124358929
598931172
980354315
320432421
411691649
109234109
946635425
188225930
269793479
81022736
37470332
344139931
579337524
27888948
371092568
453258066
576797931
294622337
413306555
481155487
149833985
408951611
95034255
98847573
119278858
555997264
944667951
687650186
727171595
36540666
751628998
129757732
935278597
440062317
193681551
768102452
766687225
603287153
969861562
855370382
747455834
503845666
606088341
11809466
706178116
386457221
195964819
133777013
122362729
847009633
21805868
419003486
385689267
966842401
504455336
115393796
245796131
484520536
871637706
628968555
952971929
459149955
817528592
395650816
886871978
766318997
63951520
884351718
357982117
149240103
17511425
109260336
239948967
995482950
829825451
117551339
793377911
576585954
233913614
136531419
171024137
862529451
810844285
721652711
976959168
885750192
446835940
221330021
451986343
884807362
780561306
709248997
813651729
661723785
921330329
87239564
651504894
616615983
856229506
154367373
85171013
38085167
733232119
964036125
584014838
537115476
71531722
790292981
60753550
823161103
571982725
969833681
386774415
877572014
435151702
412837479
832824674
133368419
136047821
278622070
286780030
751638920
89495364
348503357
108015730
589670973
755990884
425531736
584321020
33643987
459268926
669590542
786907692
146259796
905572713
743981102
440588480
239947082
609296686
247372706
857707728
583545832
889961153
353497116
286261010
618404368
494340074
906877122
985325273
908439872
333177112
217853655
799740028
130504023
800310974
136458857
744453181
784885645
728475641
478805318
452732895
340183522
655964518
407588906
21392859
358485673
377076276
89707013
965225875
459811687
408861503
580589099
942778572
938090616
457025416
824645040
742708120
520416476
731796479
664576184
469476441
635624809
362504685
998112834
287634321
77322228
120058139
122976218
420501021
139461317
460169451
979350110
622628162
616685481
876798745
323721501
211189456
463697079
138651790
300877535
672225707
978969260
664133153
258883943
260561179
532579220
347109844
309562856
263022689
100988497
594566527
431188376
18705385
848793233
81483657
987213569
639797461
625306498
888827115
414051851
915422055
718609855
20780835
16637962
461353224
547670098
369404622
1237055
109325493
335042666
152943606
778239161
690168697
899091610
130727556
848219967
829515161
990453181
400865170
477690129
37104195
278421244
58981095
305302398
671949081
624683372
5883021
91686185
223936396
100636606
768280362
816358370
55082485
998852116
827845013
44584578
8693290
665194190
911863626
248657190
971193846
979252522
775445224
977109772
269467973
698189266
616346454
621222897
620716743
58226122
939846578
259212761
137532942
823752022
120645192
45136332
130561689
207976945
158115877
16273400
569589209
396715915
815143117
105161784
661019363
612506588
154599376
43983209
77376251
673517631
424520880
981754826
236500681
667693548
323405661
990812448
996614698
878266333
12647831
118698211
534481370
897268767
765997735
106952027
684862406
763088300
452718216
300494991
685259640
996949197
57740085
567978729
453687388
556983266
129512967
116480536
769239644
759141768
695347949
106971869
432389744
89765960
162969526
780152135
274762941
850908337
122814586
205940713
294903005
42547759
135614709
234738205
317551896
597853277
44042226
483317814
132325522
787947118
643044824
162140195
80992969
330154941
609328117
775633523
639862349
361374045
529820599
227606931
514292588
886825919
346710453
832427838
551691639
594472574
999603952
372029361
18068841
887816460
814863864
913745329
662184806
79775688
553171066
482376977
352063592
608321837
688449670
131713654
803226368
536340512
79097303
681951184
226304027
91221530
649909330
924280668
635968325
486505734
24605787
671075394
180032914
8726975
645380829
123175653
624921419
504750234
776777188
741108603
407138021
885819605
613460231
150091748
91701989
489554224
720969689
27805227
756972299
740304465
924376184
886800668
715295474
150554190
421513742
625888919
940158627
61369363
642733381
577190057
649654500
936320152
120113095
692116641
278448066
509778449
534124460
341133338
439652854
901771498
74448585
860359050
47158099
957682728
383675231
683699123
539143742
155365101
674116333
896970806
846113080
133308773
133577499
916614578
641012515
364861184
156107303
263403465
58239788
376552462
82921125
85944619
800674258
799722104
976739002
480387524
127581726
77389176
97769528
387467141
989821083
514612319
965577542
720806593
641155824
980476969
27373130
84652608
560681851
221626721
143655949
446894193
993366770
770410190
898134145
70998830
69406656
434047071
27173438
437439302
998803611
805600056
983230504
61395641
877366305
65746411
631808628
648460028
981160649
987586077
251067054
671588801
218929775
913241114
777777889
380021134
398832960
889096433
852533605
521406451
544942197
618729102
864198540
152957119
5352152
552284068
814008542
570734004
309932657
390322224
376055761
324802006
43884168
974320655
844440210
934670094
950370631
43312478
541818569
807004481
610576293
278891085
158642772
281863077
716788435
827451022
658207360
802833823
588309060
695660632
67267756
785755348
106167011
376000376
186924889
25517509
962001519
102635217
146680734
537826738
288293921
425801193
818117525
556429512
767009146
571362459
489462676
182322453
981786949
421886873
809155764
259967675
294975727
57764991
779552449
933258574
56295530
266168030
70622087
179937996
560923796
140512689
950709479
295879873
73877637
415897093
70654713
521261756
53515557
226275562
612810275
170720913
268232399
613754940
15320039
578836411
402638767
428785272
786430819
573906226
292881705
223275589
731871592
572495306
201869382
587519592
311973838
336712939
307934506
812631650
51630277
752629307
555060497
25789089
438500707
864989692
210441832
137787462
244975877
583413440
19353878
10596849
653077020
476555323
498793998
247545076
814268093
638040367
951577276
641537101
591643498
902985276
206600383
999063529
879074588
66592803
972217090
642540185
625112179
563369907
95605904
323639150
620094777
194778148
871255408
646137010
592902769
592716503
757111135
719216048
471648351
631694180
872416139
472685035
875372992
130894594
360660339
419465739
564840850
402446210
132941998
973167506
790817790
498305247
977546676
22578913
526668919
589907277
787089987
915124567
220717755
899049916
636997920
818061145
963355921
243749514
92261900
162560166
549510978
451325146
302466196
248542301
187738070
453243625
334088044
140997181
65158426
693984390
811955873
431264473
297667664
56509916
574386238
770508801
615026997
919945568
790386623
487110997
666864215
269707812
788701114
76048645
396806550
190961915
949315365
132820923
85743628
924607237
682162567
838555883
466528898
488393489
746870789
615434008
318128504
344464276
942658067
60246728
540433268
353592113
528370520
271427873
425973861
425181307
344133180
465873467
2961485
174533092
707994020
48606113
879155331
276156757
447432310
300080954
168990722
46661898
945687
300249389
852394120
117544281
674754105
878586575
99987831
956242241
588708917
973606290
723009537
951792211
958982352
751619329
967250849
133811353
552031462
863426794
67123979
516778956
873023602
92381088
604226391
575765452
328638382
97346190
862359963
109743116
557076417
902123246
543826280
190864906
318885102
530210049
123620718
515194286
216300098
813416362
877910
515626419
36708488
424729705
989487885
209520827
690841956
329653741
130099374
27783328
388915806
715213621
922334466
931384594
565546953
177996027
927484096
788891546
129155622
405550415
120212974
223299347
131172298
733064173
495872772
897128644
351412699
406181421
633607512
817532358
458945978
536770800
75518200
657509179
598902569
499623694
514365288
315716241
603749328
354723621
425294075
91941309
9816748
219799973
299251949
913784147
314598932
152489788
740854623
226442033
263204725
658478833
70513240
498030114
648353639
340564373
614476334
47865693
112796851
134571612
237781171
714052508
941882520
117551603
797814959
135607692
116803486
316135844
420587430
444253733
564828490
194711690
547274380
368044559
971999753
491745942
256973538
157617627
25098816
367479209
60096891
731132947
250012095
475267133
115999716
278032492
760655750
371039659
918521572
125100899
184319080
179358586
205693092
782609221
768818050
115862351
678349075
815200180
123757400
226451504
422383822
216937950
796376691
230452464
301546907
830437607
668638996
33681021
288720786
10186660
555986507
556853630
98204362
46249816
517534454
685776606
95662171
121834972
128458813
579183434
585581965
106015201
972013353
720321142
72115455
656653855
255857630
729904694
874578972
316197267
452923791
253605300
736721452
479713740
895217342
647436112
159095035
293112730
18166892
388275970
698908204
607614116
885706127
853719132
912184495
992030110
134507109
946657828
919258220
768525600
288601073
500158985
714045115
610606947
439587794
808308078
252316024
542696190
524795099
308869242
490354073
131646303
671258111
103473886
416826510
511497056
353981251
833183367
719470729
457104624
8410249
410112819
491125710
215647480
582283871
155019096
301261239
324182825
374727336
620283148
6224476
974026585
196973014
253146271
257250568
518693543
839232606
102794124
876968458
821582823
815634529
981410102
885175354
168446840
702593134
617711932
741470104
833412965
283357021
55701479
19371108
738654968
118567516
485374152
185976289
114782838
507821838
654596666
40420459
534800539
966574856
302793815
666888962
478609219
304380649
419520589
693726222
767893591
758349114
51092631
513368995
750888966
222436721
872424067
605930931
513703243
926144161
743440471
944137851
368194074
337414711
217714628
965101955
317550472
366898687
833660450
940848700
714986617
254561885
634176371
640927336
287762800
296206556
476492946
450423759
392261838
117398623
167142324
45407770
604674283
661035355
881284132
340671743
271560277
503804242
702853751
702934557
706535930
105269825
329380803
483292633
916129877
84577396
444077414
896402351
29508130
460375609
942258900
919322
211637903
558294867
698754504
171861863
116826226
698327024
784161513
295407352
76656847
467396485
830521247
74376476
795906734
921819753
77559213
808097740
12132552
693833577
424725429
124642575
71202200
339962599
90395304
2935899
744509190
726228908
225185786
831319288
454666034
825217412
979651158
239890957
20508880
888341218
837515560
161689413
947150836
615309088
11576642
295093864
895809903
662169182
817183120
238775275
242089260
460165402
704277145
649092329
77846743
552668578
834017171
700829028
33153448
450209472
85707523
317790502
313137025
559044025
404951128
430909531
774608411
590674141
436366284
351480683
755809931
324716890
553801781
345385747
42930566
772495948
800751921
750499076
466511501
988980688
274995436
463484508
860938287
44976123
146939164
586292454
955280520
604933246
718459202
636239511
956382964
13378153
508318183
406732493
305540028
370829197
321748963
63976573
157933842
104294802
536081262
223871269
6047117
495142588
155322969
113487456
4151612
495139689
313620898
101562948
511946249
461117061
518940782
906632607
377750384
682021934
267915630
732269298
814289107
991222665
94175807
117340410
750282924
128612131
654010344
130546262
155716778
496805800
191639642
454971172
658704484
361040881
18279123
127058740
877498062
339724085
376657800
853336891
930310949
700664614
417330997
193454055
885039405
385540713
617578970
654261417
848341457
723913944
119775131
306922987
198922415
804474173
33362677
26259050
894684293
71394735
280931050
439101244
13775394
180770238
309008139
884333727
262628802
923380629
541398381
187355706
469302818
658005273
701324908
422968951
668287887
575042999
71272693
377254803
149748077
758074433
84001427
353701019
418291437
510205028
906681703
55423209
637454512
695046879
489339320
256561808
34627527
602735108
281575835
184079435
446612365
551650868
702212955
315989351
105963226
659996019
800054578
122178579
253989299
393636635
601291685
644285591
895379763
229762212
230878356
662557741
905243292
649853296
775495808
679791413
641276251
857009911
385732326
543051367
258825419
424431958
280221350
248591579
222974838
972116829
311958627
81061662
691699614
859409865
919569911
919170365
291946615
894108557
132418018
195043743
40143279
171203573
583343009
983103708
284840338
570511603
74027766
791631549
290250878
104122787
378465960
823805884
878420179
805358975
871844362
807268653
110052872
113673146
391602639
421154196
232471660
878435727
66674211
192957699
132718701
160677052
112268685
54641660
386862351
208028719
235302917
218731892
527883758
887374949
984323075
96883615
530312879
911422303
273792470
720071416
962916445
92905901
41845316
860052021
974867568
446472413
346961251
752622530
441159458
98956093
2712273
280994302
147672539
234245619
628593582
300273081
896080495
122063054
666865693
294548558
527807971
761106487
149620408
114330266
136873753
275159312
863243371
924795843
704579962
443570354
964179519
846554149
956420868
650430681
96692337
255965758
606749765
390944399
95532751
448661748
635892597
213745238
823557282
788112237
916211141
302897797
60009367
846074235
480440858
23966264
14535637
73272457
775033646
147664198
448563501
132138915
946610563
917853943
789162178
382700352
124271877
76310433
87667328
836957010
511557798
20366976
857865759
92089202
993465683
492378756
155260201
58545680
222712012
849767541
276809037
672884035
306069721
683444860
560712795
741702529
799317715
268118951
854518051
661735668
766542841
531130334
765486606
751836443
321318553
627031713
612723140
646705193
552419862
741793231
969241160
18208556
88522818
389813333
767564381
313262516
166182546
301309522
135675206
458532706
387864306
15500875
116158347
210702906
83207239
452211676
377011799
360547143
309959145
835506040
747425125
342224572
600153516
842432031
395460346
40147757
453486741
332192784
854122135
95521328
256675387
441561064
760802263
478978581
69796842
549452232
463981124
617628811
698960526
486989970
573225651
384854493
821697665
952805445
808537014
952559729
973755496
83231132
292254836
631927963
506639726
114193105
186113895
280043233
195441385
280861432
62010096
467093255
29101931
637366448
362438878
39578232
57371810
820831745
284189887
375799881
319194140
281760774
351886983
142043090
902355322
356381740
376012697
748509005
24621487
141966716
180263995
745021695
395460786
47542837
188544775
333654100
437634961
992277130
991204955
944007484
117578130
243654248
638609885
140553136
630502208
959274136
6160654
462896722
719437220
41402508
653207484
314758702
690260531
295062001
360288462
257274872
134192293
305017679
181644142
111810785
741629526
365334872
320425509
295521665
850431791
348935483
928306471
371141220
123468583
667271479
672142919
942056413
892687607
872831485
10954316
218573948
375307666
429449801
863246418
183028194
958274054
732156725
69758343
695378117
614005445
930590280
307434859
212020531
753694144
478928202
370560636
103011530
235943806
45713658
96261536
605427939
442829865
256199131
234082482
34233670
987157941
497836243
537447389
562047641
701622781
134353168
861360157
485872850
125142634
324232734
213547899
447342934
945422169
478890230
86870301
326226103
149340908
357235991
848507372
217480055
170117191
858894980
62853726
968102205
203144694
901356975
550011465
66054145
508926672
896188881
943706556
354848528
377122377
71547942
708397452
386636796
66598197
62874048
748127568
56260769
474918481
551172846
465053211
101820775
904782413
139289462
73791182
903310133
16999619
97271482
606742607
270639893
67295883
111002190
598001734
184653956
158147155
187457677
242667190
436016677
918086775
614423730
518255334
916704884
11301810
763938312
499462949
107691367
226047904
81529563
965777133
134870305
962947128
608595082
985911091
223886185
463761751
225594094
44279481
614368814
595282122
927796728
393825207
268632573
690006995
328849743
147701801
80557122
447325353
4443371
103765908
29872970
356811970
164437366
680335251
191626929
241303781
143521731
338575914
406700626
124456428
676070374
171778119
649803043
78377284
318010086
856201666
686460493
59354167
926051139
120481942
448877229
962514470
133868086
944016502
476165078
382397224
324566875
387004745
808266099
339753549
78880670
750010491
844797994
150989772
506910897
376796808
687655631
818685710
515980219
333552725
881308983
758342500
939931133
532844999
519090203
270467707
320849428
184898779
184941444
902012099
30283720
817836279
479000353
435718846
207408452
547893683
39251845
428279286
872258705
121659091
905867649
51498091
92505696
112555891
379724186
495973796
447555365
220782692
990446075
74413206
265744197
744216866
901085312
279138718
25643309
490364963
314674533
630137217
119837693
919929012
157624862
353718883
511510263
368929878
612149235
591018446
135154547
297751481
672243657
487676332
578514972
88159366
78231579
16629798
324140876
817174140
880826993
99987511
157885423
83495247
997794838
238042843
24027940
110661944
174454506
741704187
827183721
460646747
411329394
463265265
471088480
604855449
765430092
949489292
908528365
27500385
282965168
59762696
995242032
282705341
194839023
539876464
585321873
29616251
130081609
936228395
577953196
590829791
111913609
883835338
269118045
259400311
142202145
635130482
644285384
684879292
46891302
768592843
625775596
183022613
657452765
798236118
417070995
118567735
696076307
611066540
721516404
479025997
73738976
232905313
724390757
543636634
150968231
144871310
398630050
773755357
138297445
787852061
45421825
47918090
845949583
532898341
61104128
479896030
811481725
697688556
790848072
7254821
318187246
538762492
190147292
142848486
760765434
67015000
39673972
873495412
432157170
268840614
891584788
872126797
52164982
1998007
368248944
905109732
552594023
373949864
438213126
119561697
14705043
980016874
91512475
37833229
793877447
175331496
241868166
684700769
548443957
490750953
359557522
64289596
330965531
555033787
931379188
474688311
977672950
351887453
795437311
829183402
64052031
426156448
346437369
537672344
840877610
40110363
972489430
924791271
627738358
604403773
616562501
957357532
360557000
475625744
907745274
750991830
158293391
497762482
445229909
939032993
263170126
76973440
907450586
93137908
724740
881760454
110786078
699248153
26169665
185369176
293947813
168504991
325431922
40947792
453246613
591328782
56004405
106670958
817429508
877829675
263671413
59653108
300880163
361889434
602028934
504832721
808631128
386850080
1790022
20128696
148061093
322221756
774779005
162880205
633439157
928452098
671210562
97296421
818870958
334476061
574453028
538543262
800515976
79938755
146354488
349577510
981436025
966358146
162537561
169588743
567204032
318256791
707605307
750936241
224009068
381572685
705946853
1608696
267549908
673525516
557044075
358551252
124757460
647569326
43517664
49917446
882366101
552476972
554157354
86071639
349542242
34181680
113362011
250302566
707740867
88830936
480406687
804159336
36864512
106562848
793403316
3567789
627266185
465548172
185200783
758733956
76681184
83449866
28054949
13587728
174151423
90239147
111846003
186054805
286917603
123366106
885402765
843059870
3110762
535947984
924330148
113073616
698215095
50454457
524996812
758597408
929202595
606933181
178649817
385335813
675813386
147548097
290232572
3475267
219732578
166544184
936908447
270168925
741671295
67346455
753944372
35037835
470373567
681235962
297491177
385260201
197981080
808820935
74947613
12093127
824196180
995674110
102189346
302399200
477045598
941889913
34784332
90673096
815292258
671312346
660496462
621065491
477182817
100645999
926148513
816584535
915775415
215080434
434854915
512684242
772642108
755274325
119742858
326037167
475882272
717222654
328413745
409818003
624099070
715916120
844333277
137447163
529548016
734250322
897104770
950162381
690738375
90756590
71092269
846857351
757369588
768068325
193114736
624555913
804141833
97196660
142187831
749060153
697831335
836029656
957904649
966017831
678292875
18130427
361365871
185418759
127289294
250430424
709166626
429242332
878303651
994356526
225370106
427196812
858987363
615534807
657752228
388859818
774223305
767669962
147300158
772594162
96929550
740815933
930684272
532653334
592743842
862092639
118817364
951128685
544519105
304777868
446107959
664033814
736777017
620616117
367004940
678992396
97099414
9763025
316877512
899624
87595039
183522278
465387832
430828628
414871690
16575668
335122
130406738
751199135
347501232
445170031
932663447
791414276
933510861
794494423
14450315
200792094
15914421
978680097
892116484
863901812
460816917
123892937
2433147
91712336
663456253
767127525
413474665
11612963
905540911
2463466
394262347
25709965
463168708
995738628
832038303
801732904
58011181
36343329
936974755
237123834
758112853
375221298
125346472
602654353
71810197
614128521
644623543
925866664
374515686
210565245
64506106
260838963
699306192
854147491
876184689
533679122
298788513
921771305
263293677
360516519
942745224
377610780
483181153
982947742
603982001
117775085
51888217
999881015
940681330
256504096
64661943
939529197
219957588
7825029
311738514
322084696
618695232
87924028
63368038
667704332
504652349
72086218
958246174
56556143
789796936
520681245
93823190
633357432
909405092
523244123
11419374
592352813
732519177
73543235
676527129
613029885
359717467
605001564
73701250
184801587
491897725
306001703
894771403
387968858
832244114
965831087
41675183
941088915
457312828
5706161
59662390
18409228
752206984
899528777
95280159
498315298
791968764
515372442
63084343
194609761
188658746
101681050
349402916
194518314
592171242
975822674
112048357
646556258
403774386
187780982
381487031
59338653
872328763
358661672
40124175
57144067
495143860
383722895
337304324
864429035
524897868
888624178
505278408
856841596
704345768
9460512
882013884
75216794
886745831
671437
547423424
725543420
796112274
435868308
364911217
642506865
65102939
908898028
590954063
846048044
40248721
795883620
887847824
134977190
257374607
662954791
136011701
819036877
975593047
754696084
138664606
309254625
525035213
49497946
628785611
25715768
353678307
829549431
773450493
663920560
187822108
72691713
397382404
924900436
314990866
297273585
23158751
120545106
362990930
935003030
103575042
323976824
414401
108343822
454440854
128563024
976152642
215369592
206787549
642773775
49070593
681693259
186325846
340314974
717794635
204280177
658066933
383139459
61892285
280022356
199066715
727735557
132136834
118656618
42449241
479822683
578738696
907826409
114627775
842140222
578972355
539965928
88943321
807734891
1675281
239160356
626199755
514906916
828923449
782967832
353542186
43752500
347333735
777531599
535592398
597468609
814356669
979253552
147261503
561393086
437935131
742267026
342379137
50443824
139266559
688860461
593427050
814372682
248384043
675379511
652366982
73343470
28086912
757811291
601836058
410649436
920113041
103116618
854674175
138228089
208142925
800258090
247637469
219633597
4959233
183923954
773905423
512973060
538860362
480543313
598443802
379061313
92485520
773457859
580699500
296299463
37980895
128216262
443091002
704666465
749942628
704224553
119683654
123974117
573846829
294596326
330644747
251562971
771036301
683763487
620909490
795736235
203726707
945831231
911544323
177098963
89936399
880054152
143234353
596559740
571380915
799652668
602706728
804593175
92967066
276866893
497786180
843522195
183472449
982416898
272021481
19830351
14701128
707196047
314954362
38255926
308211338
377401202
462792423
759462505
791007414
183327099
687003095
234426324
518218870
303854436
165393286
921118584
30430065
336994469
951663344
147619752
701559579
426622223
584783206
566174570
988936711
683357644
242357130
312784129
70371894
62890117
225220673
63160028
673668978
820726262
658820753
374711739
358144369
728725820
595617899
128749826
27787984
28695689
45086673
295942876
132769058
7027151
786704850
91599371
912337145
410135013
509635199
274005357
796074509
594130531
545854545
127197831
67716852
743777232
161629037
79895051
57316291
242228981
306467533
134041625
920224250
31744056
946404736
960508270
420897969
14010343
41612209
444211388
619722
264206575
316702607
356238583
910435223
863808086
33047682
27105379
293571689
289439864
358312371
404851787
908768991
569712851
327283362
945845167
145766675
414644076
338550817
339400416
379203858
340755688
889445314
66704209
904155507
547319977
134393338
389013700
213034432
407437653
272262266
771736552
567980162
477771819
469605800
662277875
496502724
747313673
262029386
586414152
853175159
359564872
980799624
214806196
327725565
935500047
14488820
286419138
335599439
920692829
110195299
921486579
920354736
870317189
909875806
51621155
13358697
181321191
978940622
182814287
303601330
206408038
913804761
661058430
121622010
844173773
397125660
111792744
999940930
593167666
749873088
682949420
823787303
566129312
582790574
81241829
424799089
362646195
228987757
99515053
452713336
218476831
890545894
236799446
601091031
773882529
482698671
316323709
430550838
41022454
122133691
854061752
228147894
16323141
51081127
320021267
298382381
331340300
204304007
704072674
714536948
493931012
474223029
747612964
997245929
749947515
579338940
51687660
924086810
318259144
392647109
2713732
512537137
654753442
734892466
159222165
75281571
182474292
31756306
945269064
846116720
47002606
846300593
782851048
538237145
950574851
180670724
783959988
203343971
748616798
688814791
973335007
104018381
185240809
638472360
622149039
361021230
42509835
143720972
746757176
646402542
760731799
649195202
452328185
187694915
82442609
71934304
552511223
129813911
731995403
860408205
518801115
706732985
329227338
405995094
796976917
728516258
13971590
744795607
97588486
639661541
281361283
873071265
100474551
192105624
51301127
870077620
971385495
698308549
266630766
257891451
759617311
97864562
984703579
49563402
935926025
583966478
724328956
859452296
632707728
372743130
483987611
859206888
803102766
606445345
362503331
975356156
68236341
884894267
93689994
335194485
557081892
639636502
67552232
478997608
389583631
54446514
254527176
50822208
617841997
779988912
826441274
867241900
763101111
668032693
580964735
813641883
496242063
661351540
752954486
932398078
419303365
130788326
722097710
866122773
281286445
762752646
46810957
211213006
66523351
366463817
967251301
141408117
529308837
9336163
732542466
110456389
807637493
512190742
275343618
665907019
361983816
833802139
381753498
242882228
902676696
108242195
307922356
962931669
348775669
35291151
432888285
26293606
120961916
132887081
50177487
519434385
405662218
497297279
69014029
277616023
558017277
328266668
85378511
230536759
363787903
90321290
551961179
829664060
345515027
68255879
213269433
62132166
371240098
785311129
82629219
120342702
817680687
804427834
254543104
318524104
905367604
237176364
493500916
688050498
12764438
369501922
489074508
455338887
41934479
418152337
319834975
107834962
698986844
136338018
860995755
10840799
458177376
858283937
323450838
750102287
33108297
838840262
951119457
743929178
360880390
615874180
919143298
191536615
870880030
779609905
898921566
420281695
393711460
504370391
628185406
675488568
130782912
631104612
553481351
609391100
479683735
183901885
402991740
711730120
564213050
588429845
371189058
927481849
751126217
62430631
738068990
859969858
948459096
128398438
357439387
764995228
83180985
803939276
987788455
357466806
432847783
138555070
261261651
567993889
501460086
106813152
498273928
96663174
120328286
220885906
577680126
89288173
368232936
990568345
981921449
534944726
449463540
79225212
98276944
325673265
802232299
8892005
710029901
53403375
488316335
243122089
639053229
794879734
840899929
415225796
525584269
687547550
795146921
243565966
509359380
933282718
462083738
940517014
789812378
573193517
844778355
175422168
618308823
243020328
76239749
899681340
511922853
67900489
682680644
601436365
135460126
345671862
763719499
323861574
417912720
233054281
80612286
374466701
180252928
559018626
978070135
584924807
444073861
43708502
962364418
759427769
178040
283308142
588697195
776594636
967924433
510297984
321509548
542117384
741242314
299913729
298902372
480894449
57535613
633406541
587296408
855887644
58165102
268788507
15822439
787243692
350960855
254490254
577757801
247288251
792777612
224778896
228148577
27802322
708147964
488459274
852519284
73691982
236055733
986408522
141758061
406840213
175527843
601409970
484817939
782144055
747729098
8647842
462876145
19094512
946399781
877229585
915377018
961672996
876116450
741291318
123523957
36415806
800590625
541585920
44356385
320937186
659847485
244105865
786485863
499030734
78883381
234047777
598430382
946489951
38211706
712489445
234265021
747661574
814234199
861362487
525033160
14993175
527684104
472252396
46460260
321025959
797350227
560286487
812173492
793819712
559484420
216735305
538005823
357713291
73532462
495465318
491500207
67367618
523673757
996848493
512691604
896375242
573887167
765535670
576455091
974961398
668968154
63850811
984714133
581449549
17471124
579405076
15751765
599425774
703195541
4948146
204606167
694529922
390777609
587260515
45612571
751797396
812539271
291995002
352843797
836325390
633338693
239953650
74190131
811489966
43216465
489654569
467005879
62562215
802117631
436171998
26578106
21628966
593295219
746172712
767755751
234650812
996221392
710423332
868842182
889236921
859210352
861322214
848164849
110168357
468672385
6757499
904136049
13267949
449098133
734785773
159011492
36489176
33720215
385927853
681790009
664919449
943764002
320343450
63839699
4976171
30127411
131213141
626533896
42868831
882399450
758468546
117924030
969249676
161336968
466058662
968050203
476630727
411603957
575856890
510931779
590788947
218427079
54364030
808680813
867400806
286350606
976760693
51969583
219915730
304317623
507726254
48116378
238113774
9143835
647569417
252068523
677914177
95804082
152428080
703728267
368539440
492508710
984892010
69039572
499895802
585695728
516041226
565918796
985110387
798839586
822139436
787716054
54519470
919172177
676905968
183220948
50406885
518432786
958678423
85935567
648537294
486791733
388940039
122497652
967176847
37543386
424474862
208330300
9007490
858007718
976005399
242645207
859526974
94842296
20076307
267559170
36213372
900271103
834135006
326776804
815038027
338914154
3554434
402808700
137365556
950957745
173519241
848069439
654096134
424935145
501855740
166635342
321517306
672506090
603420469
270041349
744985110
928060338
529351183
573561738
945522830
816194588
804387127
717864202
373492746
990860419
802863295
876623542
319546905
915714835
196912374
233969791
287719680
718972363
671001850
91462553
405815597
134675907
50205011
982030253
216129907
100499872
972180740
31605735
769127336
19064859
241000388
132341452
262704050
40590118
445797127
734847684
406571091
94845330
71068745
451489483
124015930
69576498
579571427
18634444
242445002
789648833
971976349
98394914
160911408
756122683
493193882
615675932
89177878
661988518
75730566
931777247
929436405
241610557
4538669
557955747
648637027
808499195
109914374
80904554
991647683
795002392
109434357
455709776
187520030
83612639
261792044
892374452
904602694
620740945
110484067
125337992
21657484
511070754
779058125
215089694
590487735
598407936
569240029
970498596
31604007
533063418
688069620
186664245
939841095
960038558
116382973
276981950
284065532
433249043
647102371
785339567
560586685
562633984
611849925
2966217
47042394
953491018
593544190
428639593
130982444
251198133
81654976
719088355
472995747
802542282
776325345
736917890
633763559
938225571
932235523
834725127
862027285
960874911
140582315
327935083
954880357
321844646
524637107
8002767
358518855
580261081
724747340
301297596
142256346
753108111
219406159
329892414
846509191
993790340
653921661
433029659
107399130
170914430
18683902
487728452
307012165
697737061
251566538
830986870
103146227
145291216
806517829
21350717
4710148
499541075
273271402
197911059
986483057
39962737
77296404
686034171
336611254
953419780
750752193
71176557
116002120
879963011
611427566
553850867
377395571
13647137
734164977
462711355
751457698
398202279
26659101
28406862
692760000
708469613
244941654
8227479
840286145
836776343
977076245
705979684
553399313
230578434
271241050
433523347
962362405
371090209
620631775
630168946
7612065
672914791
30007235
465920178
995054684
428914799
461402392
226553027
188218658
147572975
62862187
548779741
691821700
970847042
445484988
138199874
88438489
912958055
108351148
784590358
60554326
622286982
531945584
435007827
142214001
834394274
596348208
518151307
522828164
817352471
583068816
669709251
841587630
235998268
813572845
690425466
126662321
450313448
478727086
137887671
343231384
548795046
156074257
62504412
185127679
530075028
208827840
574206260
686080780
119968717
620060664
768924604
552210360
722681833
739038377
120071638
995348842
77861011
230944363
978958812
488533617
747497016
195991540
582876860
738472053
984777336
289197301
576523324
974269782
136901346
384409794
144597582
93050848
537507320
569307958
112181299
526407383
489239019
72791617
928985285
249571305
302339122
260293230
117106249
902684869
245605806
433211908
22974426
377099900
693777003
621369858
943206623
896914254
43127263
576393711
150369160
813703248
527603618
267007841
152940035
72726433
980921444
907729867
492046381
11484517
332706145
537740805
198523059
180443753
471247107
330437213
265527749
253858977
705303497
719121217
232328803
624921775
865238595
98787259
312602882
171637212
429062741
800379939
148069965
825838529
474324920
312611354
107004694
422553028
120320967
452380542
860637592
79141130
832594417
410922667
69855517
535602957
420428653
923172341
188185612
739652500
349713595
121132973
653337011
344235344
35460168
919051935
448977252
850622453
405908070
334364549
847754491
448710970
670188173
93873674
127336951
258423045
897161659
906295804
805048235
298709545
387534707
125402845
402631717
310295922
53266138
536279145
254723556
203897221
309671313
292880910
209914024
502347925
203359118
3192427
553986570
156167176
476710398
957655876
725352245
878001343
1411842
692465533
847308616
544824433
786953201
118150981
927121348
134636851
979747975
867094276
222446768
686778927
116307111
1969316
886039307
11024451
397332893
92769059
96446891
780227199
536363589
319468795
602920065
449685909
669097348
87730722
754936321
881360571
832403438
141600839
473420197
346338844
236267738
47587841
737905581
54017020
271451037
22312631
139213217
585320045
998893055
161401717
406811458
839726205
808777929
706650840
889078548
344918988
788046641
961222816
545370709
585300767
674887709
622080287
352990013
146294055
481363726
502223211
47753145
14181193
765604512
940504007
216698660
69596955
923392226
736309160
140256684
943000738
584088706
631131305
2110602
906128040
132922334
642674658
737716243
19296901
52984410
450749012
209316646
406655536
366628798
592603321
647839839
502083783
58891818
597802437
337057993
664806143
39430060
276055144
887106266
409030119
474055986
294626332
834955589
85929756
112398308
85731774
79882128
987603077
536786054
977387109
842725060
25431455
870197010
37511000
27647007
245252406
936069049
47308621
547043757
786931092
746565018
564286683
678496029
344593833
972638919
289769247
451801511
73303232
937764002
617096281
338663404
877145056
494698115
482021268
816113370
232334779
518338985
175143594
585787968
66318906
663797505
60098948
558683524
788461762
348226875
756150050
953151051
174686115
339389356
400339860
445760969
481645247
938779364
295394817
511476033
647690
148307595
524718645
23906864
223221259
25768704
450395081
703249270
907971449
50326339
519201233
989065270
696565110
29422551
22049356
216339008
112871663
598958318
82092068
36885502
104836709
53977623
756789305
605186532
887491132
789527109
73644728
589341402
659342028
338824654
292306512
500446495
103774744
385401044
624667156
880824356
55667452
447479319
90161217
9097915
437318468
322451642
136484291
964900997
87533013
141051296
974669231
53484679
61814085
113198603
651387957
5760893
186564536
264031932
883466422
718219196
104447385
953060096
510499
137505752
952726848
635040882
931356762
304795951
957050362
492918104
630147449
291806917
693687918
917096841
156472168
100722226
59812055
238861589
899790080
192032386
967873708
657762909
922880454
370386675
681237719
119999654
932997401
754706791
318617155
114770692
96662594
549053735
208892986
876136504
723833827
127753781
260107423
141731647
524426606
765079754
710830889
276201740
55977944
223467422
15546598
884624808
859859875
247458462
151525173
915460916
224263035
355028760
258797954
755806281
263371340
311293491
432517723
886203944
630594863
369043074
367150760
775284067
61522651
71561150
930384308
140630749
141965321
742775386
296451069
84034221
111891199
507190468
780579311
11859032
391750231
108754362
911935693
105382190
277437133
698896694
768670615
578384531
397826195
941244832
930326200
956988171
595157614
628169350
612656798
886200268
214307262
532076415
486400797
615434697
122687105
3829771
528408943
917203234
590114250
763696482
729993433
425553120
150743330
305422428
748831066
349554842
245949880
921096332
449419279
689835654
951110272
235051814
293411065
530294521
395857975
73625997
274529485
15159217
816363282
344659891
935392078
554358906
119051034
21926590
93473071
629831849
636990080
686294265
413043818
360302022
485177792
387742485
322560397
816845929
659552010
927529903
204264726
43876907
852285028
638540106
967777483
395014403
135118344
836771307
537931124
102247198
481739186
577149912
122421132
828588854
454396961
597874795
405695252
259521139
232496116
289467719
826471356
372830074
590750350
924232369
824207032
178063674
64427225
82569643
59511095
61551319
198879157
77436967
900992865
79887058
277483009
115429557
846831258
318824537
305272672
172344199
426491368
887491937
448551675
140400755
423939810
953129571
961155402
559827258
683846277
864877373
824685115
416248645
182233167
481157147
532238674
858982741
183347784
34655890
79432049
865576265
686061077
788820396
287842641
283589174
17034725
480276602
410799319
144229328
700761880
697575590
832690735
675234224
358012020
651819824
821698621
968872937
271935536
575352736
982055158
634708242
990148645
577495912
495192191
989000590
402466928
481149424
402438213
146020066
171397897
701862830
873889417
818769686
134386273
63250823
845155474
71210260
475427019
508236424
387114049
143349711
949424490
966884798
217021715
849709977
102309467
173789200
297324480
85572438
987879132
88496567
96096423
770835973
464334438
113326268
4075034
355576890
526779207
650539115
564637506
925305827
685946462
802948316
158087842
338067733
455637147
114328074
100032809
564703840
247202787
149362742
78705098
532612690
702618712
693096309
918364035
979365256
877186984
199382011
731948135
858953507
839495593
227849339
293476550
483417269
863403482
675319195
638635970
431480084
980979516
883745971
914610523
964093413
753875676
234969232
52939038
126655317
539618642
547074813
308889284
827199967
733693269
331671009
674584298
965102551
327567444
70938978
417979161
556749590
704109151
327605887
717050479
936657236
136011520
461489741
694627670
679123176
940613805
269095068
873225872
403987106
615482375
776527604
841317609
992722615
888536762
36077696
767448218
715416044
236511955
64197088
923667222
63199638
777867757
890432610
480318905
328807262
788228703
80676625
308328627
201193778
324566468
173142874
964920211
764967780
621862449
986754041
151939884
295574105
584307224
8796037
806105863
539889096
797627897
139140305
714393130
224265533
397012646
359850093
686563099
636369562
994666474
346720270
997422157
209822795
116545769
72632097
749921361
139768662
537770994
705909582
168173577
404829187
735952213
790520818
595042715
51566926
249415541
831897221
578051377
886452789
517965484
340163228
521904682
328776026
56223829
854067901
538515559
334911655
98525376
999081173
382638718
442894308
339292632
715161817
51664638
537156056
753559782
368189715
57131576
871164779
915913985
603564199
538227812
586693698
109053840
64337989
937285260
953792653
220672694
141709689
155378500
106334748
461715332
191168313
123279257
425731622
3342797
933771513
880305293
276215268
283343040
175227881
647894508
66400597
450820986
418983664
52540913
232324452
344773096
483523444
293381638
35714932
905903189
648818871
924289078
422810126
146399759
671973698
38421291
147038668
672699026
344107105
234652364
22305856
25345792
223437547
513437473
547293643
484776378
876606906
394450722
44244943
388393717
175893317
301480547
862608734
995870019
99864615
239855998
225931545
273367497
812979724
104753985
811119002
43854036
260870709
85377567
421692373
687677911
45662023
789958582
89981920
290620530
874413010
821841227
863663263
746491168
677594802
230057173
100342011
466494560
704253301
602851290
86763062
878365299
882990815
314626935
623136209
565496822
689949379
360497631
832316030
27039652
336381647
34877156
64808908
55064883
495993880
430602084
109335398
501516001
899092910
359598078
538892866
26838041
681346373
798663785
14935676
915803480
686768889
593093376
648764705
806899694
996904831
312080723
985645487
54847051
543901594
663688726
379333942
379593829
807052413
416169417
998131818
606698409
320782685
3611403
5781614
534822383
540728386
664167976
51175526
113606682
67520769
743177545
613086441
310254159
144333975
105058940
80003902
886775048
284700134
154565200
115082108
449706856
21153577
631840393
34850736
620767968
564659628
297110281
425992070
731219970
712607656
73553651
58610263
515179915
767745279
413152977
840432266
938126921
67203551
706661913
282203881
2230322
977799855
337296141
372392285
29786637
53296886
53060781
379811340
960771074
542877503
277155396
258710229
635917275
628508384
15833942
419048122
135886519
508081581
932151395
775290900
530869951
329691750
621432990
211287569
112682270
356292392
814803086
685228061
820706013
111474388
737277510
235445958
120833263
472604826
320278907
333570567
33695830
537615649
35488392
38907634
878554528
561373902
115509643
838331591
198841970
452435058
983909426
734619460
658756195
82664011
59596915
356444412
429341001
182128465
661892858
260951524
443635272
907772698
211906998
786007238
44714947
490794935
98762996
697793219
402435466
306872659
146038297
39332805
227447515
982471523
397125278
105372470
468578162
363613763
311033957
572518501
591707747
628313150
882019751
26339816
311656230
293642577
333370833
178755208
9158703
458982384
148646442
570247811
728421494
923261758
336512062
433783483
684995794
64478191
353198049
347787813
612264535
735886968
486926681
509527428
610181807
884194402
861455752
152075790
432262600
100340399
646423098
313237913
107184994
512392903
378096251
259579084
206377731
197413590
860951093
260206565
15032663
43875273
824822390
782967345
699862246
609812481
119383261
163214838
815165047
680760716
545461174
105746022
742889194
268759900
889529659
691312046
788005430
268589539
966734557
46426297
750209818
899919589
221206502
523486157
138822587
462452576
697126339
79085188
478334379
127595710
750891773
624119039
51535103
153039889
603488964
66731745
366953059
600007007
882043984
226602425
811429422
966115682
175390985
94216142
795250755
988704004
712713320
56469921
488147429
699286241
518831034
209581618
358051224
310721452
408192838
434259748
99647061
878393214
145136798
358698150
446188499
870185947
851575159
592673705
830783727
836405473
38831449
952618302
958191907
144490674
443731739
736114989
24308334
321255186
355001122
587264666
115378428
780484733
776791655
984255472
315185063
620680339
91879025
170030982
557463964
618669665
12724528
698734552
191033668
7784389
628702034
975542198
47560588
72842988
792377682
738584905
733997253
938741381
657014536
82393678
811077478
345960168
314311147
610654587
447294696
489191172
61605666
905267764
706649131
67376807
471091858
661629495
336598299
735685095
596035886
356901325
518743204
880906455
435505345
707043017
37946446
549231919
849126405
31633098
667490786
63068374
280723847
897102648
121519349
118750346
824757159
834113575
966585987
844377601
675379209
292786199
972611316
32867048
493178457
710933026
845334652
935171259
783516198
187016382
415756713
504266631
238796155
593019420
405786213
788302666
969267697
464215915
268793854
460194537
46465443
408136640
282718540
62169547
206523987
508054535
270567851
3969636
731636351
913767113
28308494
979951249
781531678
985905672
925787630
193674895
301729991
967068170
358492694
140573154
380987578
609471739
687499761
346462267
956133030
900683287
171776906
836437574
578352956
867145170
284843648
419121351
219162675
325602698
409191308
828654440
556700863
678133040
686288651
318689320
387185622
553298544
684437498
418615554
308167084
426602802
612879528
127634662
405558037
893810859
630996448
883052650
206404133
848173426
254321996
897329242
782401060
565223417
35293769
476889011
664637273
496199264
735007325
735152309
24414750
755283829
72455164
923692077
333453976
576139609
967622718
88846342
177808838
283387289
564415755
700325486
12573995
877736559
53175870
166628516
999771302
244218586
533504063
651539194
193096083
311054942
718191974
439905809
858218889
230189102
170189067
712409843
250899276
146711249
50692343
21158098
62329909
192717983
398779183
778244972
787834174
537773594
749607782
164413703
637136279
788955789
61404076
226154772
730176392
353061386
198376419
10832567
112800730
406787387
435164908
280285652
329315293
529749710
829154086
571338019
78699596
647161998
994511978
690568223
23990504
628958739
787994417
83494048
770621823
160082682
505605261
114830448
515024530
303673231
414848145
266349784
184899340
987348749
764284074
222739011
303539734
111626291
788322515
509891262
75667482
19008106
80131295
87406974
963176048
368107650
32370190
170894148
32309397
503651266
633774835
127741303
257411099
276275835
301292609
851418415
105760944
200704670
694062900
776968374
806888058
801338579
227546916
505620483
370666602
91003514
73660290
496386867
947588721
177886273
230332265
74340892
759372937
78616616
400000785
982356963
412177583
479370837
574497562
287026200
594050816
353568187
126246238
899657408
109697729
148762177
367922309
857806228
884530263
63820638
39123013
203462087
586308763
81902236
141346372
77517778
904678273
743513551
24909764
46576030
557762211
543361122
169910410
323988938
411035821
617129726
900773519
333801061
967146263
523518098
528171327
425579838
245287687
529036816
732446510
645207544
3753236
803611689
777001040
208421873
400591254
375972633
75153357
175065241
61887675
557047155
55811743
725094509
486694616
111199689
622400133
286190794
792789125
63772818
235412273
909194537
486434954
835006327
145704744
728274828
605729943
76160152
123421052
15901609
408843744
636618655
679183809
959672636
261299213
51814776
120063197
60502377
103685208
821031717
143130575
413889385
539361062
512895047
227695871
68644943
516838562
81843066
585349691
349669730
383893918
857182816
144263014
705395991
126184228
211960407
536168654
545184966
758485460
195176206
911943851
242493696
460565244
188992120
55225505
255105609
975589629
490228336
165868191
312912331
77579261
938023054
468994529
919042991
298655444
832764269
118141584
123691038
697062526
799558675
22966377
596325426
928232811
487642669
805719509
488888359
474216291
841388820
42082245
754171852
917831970
626883389
474346741
886378323
266415422
140593559
723934413
670819036
959369880
822351484
56639496
604753651
54511106
340124920
671040704
744481731
57704073
755703623
892503403
131419926
161507166
824587732
134037633
853130706
966948370
137992672
107983191
835766578
831319997
466582197
384189782
387318123
632759204
444921684
260684134
451600258
838327708
133580389
965186808
950696265
866770753
79963001
760878432
611667317
288378630
56526778
296259381
364322721
489072828
72598058
384849310
89092053
12506321
887823288
722600638
521877659
667579043
191898704
868563981
153974939
139005138
944630077
844080446
183083840
893516376
769566539
958298739
792532451
399325263
366276944
121444084
439728647
28140802
309035452
136361896
55291879
16148358
615491962
937656313
954650905
967433598
57790149
409404377
114737829
751355575
829304665
954635625
710622638
278115899
14993552
741041765
431275402
481351367
294505498
597077129
31708319
931730133
930569985
113820441
158179566
732189354
825175368
273017650
582573558
728821211
844349367
407871793
333423727
67744666
211247130
433023997
805216474
978818771
75326755
587376711
58056518
798322288
72351607
123671803
373779881
521771070
23621367
305797630
405378717
27463266
13611204
568712555
49682735
232545618
766942764
810185254
737241998
638595774
903389559
351912401
214738347
127849647
723843638
145163611
223387085
665322639
130243744
720769115
11263078
319991010
789852982
462646367
452182960
41865634
847031578
390635483
553053902
867706698
132510156
743607109
242834001
92125507
810665240
214432112
275925296
852234577
583588727
817918840
719119433
202345115
347734604
865464519
748408280
479220059
980833941
584550593
597110104
438435497
769005222
114178508
88265763
157435820
116952214
461302271
484281605
150891683
651307652
803558405
28940499
510135980
100697036
990948794
140698273
129357542
651736208
209343087
851049423
346563341
507400101
8913848
284166624
132302287
397436473
40659541
258084419
500841771
659232604
647219133
600274854
734276150
538217388
411497530
934621948
141180809
3910575
738998124
443539467
445061710
259596047
136969803
96493084
995066459
272312155
462737328
187985909
323706404
750432755
144833032
902775351
766336780
8325332
337417869
625296203
361293981
331668598
279557552
977040475
104793294
324301718
225478340
453307072
252958126
597086269
830819230
640125816
849001689
83014933
953565537
53006445
259564766
758713683
735952873
801613438
197629766
553758900
624684780
29547277
532362082
992638772
626871108
60918552
301382423
567943735
658521808
792794065
146799398
946255430
244100906
910161372
556161623
559566017
588136084
728915225
631464087
945705313
942724144
230340642
569638200
220107652
27961961
805243481
78220351
182425871
217944559
534584978
491124776
554454811
583442722
304475030
651276987
288171750
726978265
289232072
13435874
330951383
317248351
938623403
821641937
16184949
82993252
150699461
715599792
970259522
101433161
271078365
994243846
479040993
118755326
701434597
119028327
201816532
846753289
801378132
892314187
39212486
352729729
66668161
91275349
554445263
422969486
470258210
682893088
24499026
24226914
100312893
770086912
759768093
484573989
977043699
513484131
183991002
107802581
947737955
745599886
730203757
812984941
192436104
163227546
28748403
783567224
44610364
87573523
614881444
414098522
552337905
718847001
711526363
434636445
135826246
642556917
551821834
635176292
59708985
447026324
66608840
94267302
655096875
857498534
215105921
70236346
139239950
596148067
94843745
605956141
937407713
71397999
335789098
20345770
501456517
253850391
206493526
203117930
451534427
524884669
21293654
838630885
934108934
463394168
135572485
86605928
739402877
449267128
280117444
649727084
8755793
129724955
384395558
698311708
319724079
391489537
667732529
978559328
9835548
535771573
106874118
729950912
503881251
204165436
522593524
21241638
525924464
169775396
556797356
152407244
708042684
659480539
519295384
216956058
746212778
293661366
649157556
174116932
156043841
551302700
500025742
622113661
559401762
182007368
981120648
315289270
17582319
739249303
370137626
435933401
665950690
741457244
971780014
886538441
603013579
666870638
170637751
810990890
38159299
38706418
998705932
311392750
953280089
550449203
833182123
698562821
245212976
66347617
353364704
1274751
535860743
458070661
64724932
205206742
843954290
210263595
289641850
458123779
957479158
257241535
366875912
450881025
280575490
905655265
776927497
119868319
80155125
487917784
134610020
528799358
243478620
981797383
597251111
660856499
229756409
340368757
828746938
963831102
640181993
645684881
790926676
180868602
169233309
828854313
620999080
361013140
906541205
989040617
75200717
616539692
574006669
833543559
330766732
154281219
991685804
642723461
410464617
961343755
785013904
382135938
582605436
117111110
191405118
808293598
8950664
109954558
170319886
763601129
481900631
143072380
228784598
187010456
109137009
900632881
117581842
513063254
907267273
307163611
741101267
283841869
969112296
354380024
885888815
422167632
878399914
464765120
702326279
73142172
939838720
127143355
945117298
797374274
964444416
3710734
882259153
902485583
191173298
207062152
963059102
343058453
582805954
546754911
227263664
394476482
477193263
128728274
20068589
930821322
43074106
830467659
966701538
284454542
528889172
605498871
842005411
460687525
96685240
136686479
629633910
250691532
9662910
343254845
736082651
480803568
32087362
859854893
956704566
916554251
420075204
70700870
711065299
127984738
408360919
757208399
413469871
78523852
633894815
203782938
890905648
988217630
128160090
853513267
954200156
627124674
234656442
90844802
760692775
993318834
171771260
741545252
303446823
550071114
128112663
410912747
696108655
7255729
687953071
168287427
963801068
135400555
491945712
112519212
117765302
887465336
355973737
754135795
311821971
931767917
772627095
857455903
291585282
116152120
106045717
46422256
120766240
346149265
197497132
472062909
949698123
123383688
387924861
885765113
697613187
671604936
283089298
998531959
534912186
902563760
712115559
392813960
452473420
274154491
7602353
71211698
499595485
833235203
443194734
300606542
58108581
673345129
465741991
147749422
733439622
363593174
319499703
915369399
833620463
475808613
833740910
145656273
706601309
263632453
611873810
611422834
267298721
746792901
453854039
855897907
230655343
209345544
685322800
58479317
900327649
637019981
188840372
652280516
122098124
694760692
974361705
534367560
131947744
88104635
158367662
746035179
249217198
335136
130642036
410885327
589765784
201995714
917802938
931921143
200412830
877053892
109988414
384832609
808398346
414945231
105095608
903304400
68128735
16822450
853032902
323156542
305858131
629240446
80193025
331924506
285636014
58536253
64272423
835317498
80588447
180826050
454061845
408031124
656794775
476816423
237629335
664133572
265926076
506089925
818127355
721642322
802351245
860533780
481856493
401245014
626298718
385199479
177426426
298639746
361906561
682861001
485212817
769386238
868442057
252281918
969476648
35593147
6546341
88644346
77829360
53491075
21828010
791144080
332788914
135860810
430495487
258221844
663060099
758439610
779080325
588205094
888766295
391850111
639953875
899651527
803834340
224129103
251517283
3158085
183821998
414836000
62228769
54384494
359640683
107471454
238980251
746658667
345266848
192078720
392104177
260568774
660228385
410462646
928217158
224562698
889476085
583872406
83723077
117923510
398983545
65473459
339271658
569673221
15727021
976531944
502352434
72120459
386251014
25211064
106547698
893282335
131006746
452620425
597383879
537783206
556651597
204624447
794740460
647605458
857809610
148392959
604926324
602121148
700168350
312051468
493956702
905994859
42032914
72549382
152708934
129074151
183750965
13962947
392511284
660365182
562126178
874110493
239426724
808079437
497492609
997420270
178107986
661695362
443624968
734593370
427282987
159846941
45494990
130118598
764923940
239548638
355099319
297199420
131172665
739232342
85074099
409251569
48482489
387363919
402452576
239935360
766790101
184840438
144866482
110464432
942816194
422919923
991757938
500574530
462680411
24360468
49987677
476781362
2864177
686561183
397145928
245415598
176848277
171624091
415559516
691965368
237991471
101080961
794103906
686460615
61404621
28293165
367811677
352919273
957366875
517584801
384474988
92829493
112161129
394431615
77618663
452768821
151013226
546597206
871683023
36106305
41258259
376298188
897283879
19985119
675424679
57000489
22490639
836026379
109849532
552631551
4682960
42592359
737723262
491770303
311903796
159517045
943383859
580752412
392612869
574725699
826357465
813169106
347235034
266147539
726229850
595523049
327584454
711331117
93599148
955829410
92709241
238569412
77117113
967657628
321073643
451291568
92625819
422453014
379847894
427650505
41754673
129593698
325842806
149719170
272234484
304804478
893342229
137645204
1529318
80927509
229968721
761212894
938002857
129543550
483005370
383067930
66725804
474124094
439317488
353221008
733659726
560892386
612604819
805567793
86481194
790482186
93238338
979641612
79451335
751242558
870290171
248762858
599672275
551170554
426531567
208611461
85008054
653738323
853656609
68381856
390102647
187613838
719781470
591782739
95725116
179751587
368409958
670809805
11245885
31028259
800906439
199999455
371911208
179755017
780563037
738341914
152036232
560389872
756786609
559874860
690914513
549119240
102814099
858183214
985104446
698989199
968897081
677723744
249701720
553761802
27963763
274003204
759889038
162791535
936141045
257345393
964933671
991190000
692658799
800562984
77023633
396539268
993720635
482389726
773357457
247748155
725428130
5916891
453917853
928419805
128462111
634612920
181050369
76707631
173439526
862804503
345697377
985528682
32167641
268641821
52459553
12390579
528504650
378267136
777138210
159332994
790500927
615239747
993646102
377197242
975298928
106405345
648239111
563175924
130300917
120149235
506543043
636725571
328637374
873383312
902597539
132355565
854406310
576683259
721835102
747437411
548715374
757489178
630533808
342891689
281992122
738164103
311050402
848909616
890049091
476966013
958809887
793462299
994895070
686744526
183624435
241878306
62145171
796836555
723957193
53682496
884535688
154998613
164024880
544639059
966339677
645107656
826924336
396130346
563419522
136506631
547390799
970193623
200890090
515449546
211487624
387060783
602613118
585794974
391090170
398022301
149252502
225901418
121528077
851398998
572398003
359476439
849011262
450929766
99765477
366622210
688900227
261774212
238166959
110045552
138129553
699532020
354671393
694981726
187291427
388965665
405710187
510533684
342457223
215351579
697021636
112320445
924571980
89598168
490373029
804744864
287899020
231151027
950371944
65380069
917149575
42772506
56443753
255363275
218236219
787042235
467061772
647450797
198884408
958669102
574772451
819139751
911617787
57303342
24595138
846602720
418248596
790176341
454890139
296782853
572382037
91135877
564844428
462581656
512068830
19347212
898561387
16225605
766298644
721878649
479331840
712053561
350813574
281127203
233855999
315679761
138113615
431662054
537360590
43679073
260729793
11969649
896385081
946272662
888224199
18260874
406304953
562326189
88211723
249185540
468259130
651115302
511194180
705995260
608163723
178511319
205083574
128374783
521396293
19711622
580749316
340578397
57199124
65981790
854382678
534005304
485962093
477566088
99830755
109244487
121058471
401181897
712974946
804145740
162861609
113874763
71169420
582007717
808666112
974826168
543641191
227557730
41876450
28816090
921182633
899880186
351938859
866439375
159965318
35057229
234802034
390325899
437821486
186740580
868298371
132318610
671777134
236758859
711923900
673589863
284019035
799257611
405434670
967865337
871576581
394619258
729345848
71988838
676085583
427395782
701087437
81266217
627666783
548926395
9151831
136463258
611399366
872872045
899667658
281969479
712108271
270324544
62192534
592866496
776054770
484331159
983745761
131385452
375081226
918640015
115772400
752499774
525483013
133221605
816028570
161606248
342375259
192287700
609463743
907616058
519720743
923513830
278118872
419465832
566403901
902840603
715543497
231130879
966249577
278280603
635690033
311240806
901545997
431936925
69171615
571658856
821534692
361201881
576722476
380955221
858626218
633716664
504566375
627121200
176268924
171856455
818912548
240500613
529579037
462641691
373593428
890044215
395015081
146513490
81461899
183053354
26633105
945997159
552812572
899619260
261522871
663351135
409299
436637352
612353265
79688431
86642667
209391603
666457835
675108671
395326396
729312332
863190495
36108911
292078723
612458997
709242508
704591106
630867562
657327873
846659921
379625803
989934362
271008825
825485066
183144642
560910521
562894695
905673830
295970874
810352866
259329588
308065753
871016332
922953972
606003701
382243564
243991971
19753052
715536835
119162645
311815511
616173275
651065669
824495996
385209259
696303955
935157760
556638505
984587203
595620686
968569513
614739309
172719224
287085602
799441652
203644463
711039970
495258813
168254319
761859981
76175831
972895161
301461247
538233634
684544052
854963563
352499842
350440999
461710119
896532000
61035226
907817272
961062216
141133803
652354242
213727359
168559860
454636627
330973963
696750411
55830586
41788810
703334257
981842889
362070453
142426551
466259899
55273168
56177650
870916026
237111030
542916025
924594650
470612858
408032505
887026664
425664374
873105661
531084476
994751200
623226505
290123116
104310500
238391057
581493344
753533689
929644664
594335923
850394242
865333087
686914303
889582827
437422975
931417144
319636225
62411006
408231615
85984787
475777834
109416835
161217522
606013387
545036166
405087507
575547737
757448249
942640105
965380816
916421427
542207305
105060914
320202342
839721190
78995893
125036961
695670270
229253622
272940814
84169484
237772793
927748531
583778228
855378500
883895060
125382052
614690257
702807329
715698581
483122598
998813857
184826000
109228438
496817859
601336677
607487557
906112661
228952550
507791004
343391050
84817861
397626797
91951362
824272450
130060353
933483872
340890300
4385551
131985168
71594872
142644893
840966599
535748486
718850909
131713188
233867815
514271273
528584714
930924206
270256778
277754441
736924956
752521821
896026942
14976361
452112628
859795710
169037307
36637415
23184372
758178675
334008005
150286777
429092167
501964143
195585985
209164916
4013073
875724854
602188287
681089876
989707422
751795539
426823603
28914641
430045643
140144677
769509227
788034533
757723660
276505488
866103286
953768436
168162644
14056834
822986446
138511242
672128102
486005672
62514694
564958675
235247338
77594217
396409968
761037760
142009366
690061123
91095392
31896680
802546166
48625155
199194225
723312480
955409340
622527339
69636967
802895332
622090823
175563496
53146294
24049753
63230191
291372028
619938014
500524632
624044725
9561127
780071611
68879720
960746885
343354402
468874925
263363632
181745135
661716489
444201388
39571144
145265216
931062320
444055129
728879778
35706358
761799971
67587761
721628442
569070085
261733435
907332989
264168776
35919883
55547352
221937197
66858787
159237
528812612
466238598
697267261
152593948
551009518
867483162
523024251
818019386
261512408
487499494
546860931
654636735
920881564
341802219
151139008
867636702
749065962
795463198
57244789
626452023
459807898
345179780
876210491
967333336
165665293
197772939
458078795
201433070
51379818
45153610
627974457
277552372
488234920
229285253
11584453
71868272
4237890
152235457
761280800
931815352
569867140
772934938
588922263
264345218
853896930
605468187
326299423
234146501
110201003
810332285
706403299
230645677
46889082
731281303
595947740
229936572
220884651
202082272
225099597
175719343
524983176
529417156
682369949
822036441
997141314
784661788
113594689
72975840
291780443
248739400
205413669
381314154
448762208
176840170
828348320
61214386
771475745
479564207
529499858
131880238
308036362
731546864
557242751
195710068
147144250
299732053
392957487
924269484
447998837
231765655
543006505
652313432
320812267
353312430
329727055
214804125
85896846
352258516
589442211
413176666
445594711
627809266
796154529
791543024
949894850
282290730
461901465
817516928
406635390
28034976
677901517
883027462
576047995
782371289
271883642
850653925
934857974
960586144
582242640
816554748
60640237
273214581
390404159
753137306
503065102
165029653
44968272
453460916
691130587
92729086
572104327
866114848
941069548
131811659
95891334
471388797
564337396
530829420
795970880
999921575
267868181
934793955
91640233
451621132
189157026
679317000
50730126
656176979
830937286
269787939
780890534
947616699
648112519
583027827
773785706
2878157
567017974
486147279
295019896
7134796
241389296
226267267
473396210
90672982
813376260
681388665
361981782
6638123
45267264
36168519
146426732
125308909
971333012
23248190
37789223
54268605
204872838
881502125
64017869
644974292
378454166
980089195
952506453
78345764
349779937
88659320
536518800
135121494
535208288
584182780
857727954
923484214
927846407
81296513
550894499
81842476
929938630
885550122
379226744
725400690
544732811
601567316
188869936
356184086
349009213
812981512
134804901
70723522
91777463
403540673
347712463
493340732
936300235
785368076
39737448
585831475
650057408
265543967
319413481
466236245
12225459
900816457
262481449
594302405
494078638
807889564
453780745
978550718
72148700
67918923
199522304
942368939
495839726
134703100
93194918
249881672
430731419
928563674
606006169
778228309
153274064
244300895
769387779
101363066
447496769
383443367
727223100
109206623
130173154
681846632
616582210
81585273
547590034
378274043
893224159
153242714
717401445
392891857
614204652
131178682
840360061
79082555
434081548
399606955
805707094
280229454
384795507
184825032
885937840
98647160
105442636
500374477
247873287
35543076
957981622
905197973
681155441
737153308
502488013
410334487
714711070
65894397
971525683
113986040
939734
554702387
449485260
444273252
99905745
931127908
546392645
374088521
266632609
643371821
363011480
925881811
629091315
75737024
247338275
633530980
324237612
88511023
984553346
26586087
948744211
477875302
61360934
501067178
152680759
655536926
18006172
627517155
388633668
268287549
186155921
986374215
210655243
429618845
556885279
630129105
130982956
845760473
294988796
129932027
924192437
946048486
267981814
697140139
163538141
953951274
739132194
549370310
27580295
271507469
616260186
171316621
690362167
855774606
305819083
765939288
917611876
15709403
473404796
880472815
944273875
299844373
133236080
620836386
567077307
335873363
436587625
569570154
430963599
535845640
558739609
583598710
985703121
23501689
648874553
712652805
39394316
468284314
719877721
61989649
330461948
681248894
514839301
485496722
98526632
227212187
529302543
110574327
642337812
164291393
374450687
265610699
293494558
140582794
128964214
129018384
600980065
849339192
312976913
808503866
40936224
820349728
772864756
556857036
155449004
84274054
640775714
34419140
247858446
786110389
630890157
37082038
53512192
169720007
418853011
4139589
647574197
125384561
449837598
71050724
734567692
788691419
267609849
680953903
644871436
797237021
12138314
790675511
254505741
838047810
517280575
920820969
470865701
155576090
72724809
953626876
729425949
270762698
190817293
873158480
418813409
338548775
305080522
90362796
456573943
679189270
258477085
657928292
407505241
615235204
124313323
979914777
168546774
27678803
134152847
435027335
115579888
225960728
763846178
98450458
887417994
353275321
499014670
15917155
24630435
85334330
487986692
352284551
234033878
364829889
423110816
698107873
41352881
380652986
73929867
86705281
700218610
363792710
378133961
893371054
829128401
932628802
209135761
661488635
909626504
156569735
800068570
357342123
130279180
316341967
382907975
673329413
201603179
762918134
533200479
51191622
384132154
566247974
75154092
394439808
67834767
932596059
451802738
93925421
790027358
891395083
831238509
244497028
918311463
888766230
745262725
151484702
235264819
371397384
133849637
195470650
418213218
195578295
434424155
715351863
305305535
724672640
986276921
722918632
778456945
848475669
832131381
11589781
954394546
953775179
281492245
926665952
923247220
446676965
489899421
287266149
538927787
820776710
152195220
292038963
298717746
525368914
570064781
947203578
147238813
534547325
5774452
407805
997484850
116020399
39694517
425816649
77886517
659623705
985024121
348966924
309251711
683081037
95411997
566632917
102440152
577233417
23900951
123841468
491898733
677448228
707050180
365356409
682397868
143787427
716182714
237032763
227482556
778427032
552749300
43228178
686514960
974781036
785107667
165032101
86111808
463136134
93762341
758151936
32089279
892073912
148394208
832939689
918941877
746716093
162941983
524258356
84785651
210778396
144946247
303591140
35144708
119104431
333412813
884313068
62896636
127764084
433269944
643880409
527936830
779356053
927398296
139829524
560678628
960436338
566441914
187220025
336395898
274393713
87744282
189860663
974947246
431115490
941194030
283518408
975154210
614592144
53822138
498057979
116680694
985811503
490572894
661887203
165907939
773935545
19233514
928101326
70752852
584726773
410683717
141768739
940810428
71749113
941994802
650170108
805187798
142356170
283366432
568377225
501737297
323447488
900820259
326381663
823375603
89138353
352196912
701547430
15412558
779298175
161664172
522925349
303257119
656683280
750403605
654908982
201569599
991517652
757055022
130629926
207352557
755950065
532465381
374279996
337269287
68540754
351691195
998917821
932148948
527142749
111117146
821057088
924046041
633054561
114019489
563117077
141259388
970082759
278061067
240915775
857734408
677451523
116934314
953435549
661276707
849741324
836179918
542895858
940152950
758934602
508476281
916401932
7533418
705599731
609980183
997488550
178206299
521063375
866809737
89672158
172396468
304976451
488725146
26062694
534991226
876483971
475765824
907564765
657639292
992733182
859114909
257211713
72678980
744905364
587769316
214117812
642957559
842960987
695689250
548250482
386500275
919573397
623254498
760601467
251683856
655266849
566767905
223699821
626509297
422412016
690794508
886700274
382478585
692001202
485748440
388688833
840940635
99371538
188140378
979404662
391999979
11301704
407651701
929304777
176822408
884327455
950193876
220074840
623974324
766793745
246085146
692523278
24850253
484848162
290102016
749682800
425241229
996737165
789085555
94897591
510945863
472993666
767566915
355851454
846409061
665410499
606906764
527637876
49803469
321259731
638410359
934603301
182285749
10397752
808842457
643689289
610750284
701169106
306393453
681957643
541881862
77791354
207702811
993196680
59191207
334666066
265878347
496887200
766750864
525384179
826623636
784716387
824218660
18990401
344089851
737642964
142201817
984122855
26753369
612769138
272309932
425375367
310732306
945121085
506517314
411319690
300170137
520405756
906130508
174402010
6887562
381094752
56240088
920311492
143515281
437192186
347513715
300466743
210495504
685347697
329439549
677658077
293520098
215328505
309216918
891293664
274173023
319069677
337394780
237239380
198105759
963838663
767259720
842297452
74053318
14062591
712722923
863362473
133564579
137941647
250406016
298941370
343355257
276223488
421496580
691952254
810563051
289920167
47851726
85074904
422781204
807791352
950615308
860631523
124623094
182258542
907634772
41268363
753137538
713985748
967330847
123832670
344030747
98787105
102993182
927568970
67885217
426004140
934080460
984831650
409074121
6576178
442631158
418519298
44897561
619526208
21752131
515845727
427650750
45872388
616552999
590635996
942746916
406048224
542449180
875286745
681341265
919835051
80411051
139793703
165656503
50039409
139219664
693674774
50690702
993577811
229430405
303670470
13938949
196198320
117766095
107814709
713099742
754108465
999970308
86923712
430926202
54797908
303912349
931715655
687238239
246029307
901520852
9324910
104939786
77382624
342155133
433092243
159248418
516515742
744153198
831017236
820529011
284085421
767523466
980109180
140910701
759172713
8419142
352556048
295095241
918953142
936046948
823340761
296527437
574572619
401025552
232768178
212541390
917836769
707540182
10885435
208374628
399523117
751146897
262515744
170698470
684011476
700914741
326248192
520590731
513016617
916417792
481113860
804714065
124765296
424763909
771375935
156562606
680251467
930952888
752315152
924529775
173237311
759144292
530747395
417376705
168689833
284587769
413530292
739514530
178335452
544254199
940448598
432923244
259344450
203346318
995084249
925813754
278235894
238770939
169214108
713164528
49988189
278365124
56234480
826057836
865250375
651278788
111419735
818724539
375600644
58563753
171959854
763760963
813725600
903273682
551851309
776057548
531021005
720972681
285113193
654396872
977449995
545144993
86659249
281063855
169166163
54836560
953536513
210695008
97949200
698204307
869140541
461305693
748816581
106105447
695799297
43305342
421883817
403288503
611479989
434924228
530144186
223682699
338739843
14371682
819669488
870467889
295207059
650794621
563959554
268384798
27641286
503604628
642908547
19216303
845857471
132255604
760318939
945686701
422890838
148421274
287837951
204764344
205527114
933479200
262367996
834981481
875601669
324796570
100004963
889674696
981465258
457677177
686868863
480377816
111903017
144289103
350895236
299115368
765750927
106333618
442723422
969200346
479731305
983410875
945407391
23494962
535813864
24680377
131730946
739347943
880496459
194174936
470489559
276208437
168534423
27116968
488348012
130022497
735711589
41320544
275638536
534647973
756903163
725819360
931847138
749589373
209518709
300739661
502461036
749910626
959345517
412882543
797236744
7482775
1926477
752001390
739077713
426686721
668801092
403523424
57808520
718165774
147046056
235342651
532036161
957335466
782672316
829255715
924911553
501834285
953524804
13901845
720075039
23808206
151033409
92834309
193103641
438082248
67378798
150049526
736581904
636319220
941547058
921892710
949242443
261725938
781330910
113586612
523182857
129205359
34458752
913617330
658389260
712543476
142364038
1561064
52956040
412407931
410367448
121202950
243483294
60353301
184122032
15056497
798958380
671226547
572977738
720169418
669573834
713117758
263924799
230365738
636921603
682884973
888110221
102632628
517210255
886436376
35090771
798542428
477277293
541020484
278491768
37256541
691416819
608463016
120782898
626120271
533524397
200314154
218606360
920056150
146949581
175413817
832458635
69296818
528462030
661952796
475350912
376589722
502128523
456331929
906627266
287984197
515237219
937875029
335643423
866953339
1202256
671942347
511505034
488067497
710374186
42845360
694943775
903954039
101709526
35020470
178520012
351186825
111905819
398403739
117630027
322908549
225785652
968827493
862663297
119931782
146777766
21159915
92868228
201653783
258914493
566993607
869589688
213163312
633061588
232122278
94318325
365156789
829373244
752737809
438191386
961198939
498575039
862468457
140223196
380167922
718415229
251690369
410225771
242026327
195429049
866508858
120744677
569697080
62220165
57260713
894086691
764916156
901701528
898462795
506673508
681967179
495131992
977235997
450469323
158055986
802663941
28069580
904985876
618429878
923086644
895359780
893907931
115001905
101735035
463750233
32011068
932086704
481007841
170336379
40798980
454152045
569517455
338230084
36786757
592713141
700606001
225200884
878049952
670899658
521405256
170352763
523186290
393925212
801932961
479906955
995098200
805783142
765389612
476163354
353421956
816025468
109470934
277480837
433429822
183466308
524700042
65751312
68684804
625255898
38392915
817606883
564004006
222510984
973078661
445083522
626190331
356517748
514415506
12246520
816315175
329104120
482553815
29212564
349291632
117146704
789633476
713871250
42962961
523980135
851176245
123555626
568676689
92377804
110558694
25088912
762549172
129012155
934762771
715014392
721376310
626454855
507405322
303684617
606212647
746515339
876815377
396234103
952758352
371550032
551920926
153131889
795227895
249990915
119294873
32182791
877772940
310126268
349375007
725451751
402915038
570083253
110178835
644776131
549950955
256083997
446508991
168749119
133523924
16179553
346807749
320198063
767804037
253215036
620005345
632156749
849857312
431085165
431521755
533860366
404494196
548209417
843804467
632650659
768089516
756293295
65702472
454852346
809079549
126505817
967434367
70714732
737022511
244645059
111301186
180776565
769851097
91392682
378977347
828752605
266097793
244653897
259841452
321029413
855401605
124737148
513206964
175117596
941818160
828831661
594791985
925493688
548358995
417299688
667243692
205126810
855042235
881761568
775004007
4026594
895950879
884069167
111136176
702420789
661571742
158922206
683343021
996588369
435754830
605170118
404599612
965431060
406367266
816642202
737501037
51802022
344180228
463630625
962221637
152686080
99472042
522806037
445463982
578130610
70638173
804800467
74934994
7027016
784435905
612146402
897909284
586727297
673752233
72509400
42257951
205273878
179330464
880530285
555667096
483480247
921874728
647018969
738107222
148030013
154365265
49741857
433230494
128327906
172008063
426525979
321715367
853833670
689741014
153474370
108855121
664929981
120775326
84814823
139545709
85567217
107151207
299039863
644222039
620239877
485990201
156998666
212155877
880970719
722611815
709729498
92476026
52365710
435171278
741851311
797908073
553091043
137430416
248081187
27729660
634401377
920614462
147586199
137634308
379926737
959786228
377461379
119682193
99419090
194368264
424785961
142003899
598177254
987134949
111409699
4554556
824968556
92095660
309026711
196473331
90403609
142518034
649309611
227716601
417054053
40844963
434009748
192864355
918391162
435288745
214130464
855599723
307022727
520747526
207807957
612901855
355400904
70971221
752865840
235503334
85151695
713407541
632318964
281237523
147542014
542500660
386006036
55349465
398039104
431660523
718650495
910838737
203216943
761140849
727142542
902751964
373271471
566858788
751170402
657564279
731989691
764406621
927881371
668936461
738207982
48524755
304750003
184802326
711339520
441849791
170986011
428767191
482543452
2525270
78497106
538879862
808279813
570244747
31429915
547561399
689984176
945330810
90903164
741582909
581842953
541466280
181050552
79783312
326802565
455024576
201760443
904065466
181484537
576813197
551197999
533294613
633301760
766704366
891375940
302480686
492075731
150264898
854350392
991374502
853121688
460877775
146733343
274542554
441831322
653556106
86102784
311469766
100204354
507398430
187850773
406980721
389562152
840932608
757440327
809495051
874418412
119654063
774121827
2591441
43149456
510917953
3910296
295835462
474945607
7079528
667005089
282872061
494913347
804458198
119375921
39851458
916040389
373531158
636450903
7259592
398373443
755928802
175098140
614821168
401039790
472066244
5749468
580501717
267127876
22884633
222454018
15651099
55015959
28233281
508824936
333795576
667938446
937417631
31068403
914080156
640149832
105154954
107754044
131976596
927525268
126364281
736122462
356928467
974918798
160011376
661670388
23886950
681505239
528262422
602108434
486484152
661877113
996325309
309472704
895321672
253426775
883735424
944368516
97497082
689391669
724483896
961540160
791025445
840879185
859559966
501855193
511946982
118931523
722315351
22026344
622554902
532888308
39963144
84136853
836827223
477711336
246046597
399135304
321119678
432023235
372300138
628555655
455812570
560673719
877930775
22396888
614858391
233668173
660876895
365530559
314369624
800498948
770581
66252985
117389749
225018428
166017029
666948950
693848957
476195667
542001478
940693819
259385297
889861847
831944821
230580930
313191322
117108635
942786371
69168409
163270545
751432596
769291543
631408261
7437731
451893391
470046745
276284480
653610546
853592217
133629159
430359129
320958007
9786032
703556161
623437545
542105102
534818740
124995416
558949946
178270444
244643321
82090620
12548966
250052734
803781737
487514129
792831376
773885375
530531393
81998385
255333899
724513787
670939619
45546136
989729420
121515925
647160334
612040061
110636097
887527624
48343084
546372800
40553606
625118521
669959901
552273464
428765692
102844690
933852642
96356749
265210605
366070710
802752893
375602197
84665024
769357563
593522754
275386163
587982256
645516745
905527149
125670601
607839515
379019826
749718580
233617111
595656439
421986537
336724965
510055488
540846570
857507886
165263563
681326348
462103610
67484296
923154412
679831487
314799969
236351353
659926568
425770199
504222789
501943661
851345011
19543563
489622506
721101616
304640091
277973567
917786922
662740231
824869075
213097071
667232748
814169580
129816023
560470365
755127391
590685345
979176981
653311284
